0000000001118275071000162000000000000Postal Saúde                                                                                                                                          000030015601123052110201931102019051120191521
0000155203211020191125010868934310
0000155213211020191226020439484493
0000155223211020191230020173462604
0000155233281020190727020173462604
0000155243281020190728020439484493
0000155253281020190755012849380026
0000155263281020190812010868934310
0000155273281020190909012605950028
0000155283281020191200020439484493
0000155293281020191200012849380026
0000155303281020191200012605950028
0000155313281020191202010868934310
0000155323281020191227020173462604
0000155333281020191254010868934310
0000155343281020191255020439484493
0000155353281020191256012605950028
0000155363281020191258012849380026
0000155373281020191325020173462604
0000155383281020191702020439484493
0000155393281020191711010868934310
0000155403281020191711012849380026
0000155413281020191723020173462604
0000155423281020191809012605950028
0000155433291020190720012605950028
0000155443291020190735010868934310
0000155453291020190743012849380026
0000155463291020190808020439484493
0000155473291020191151020173462604
0000155483291020191200012849380026
0000155493291020191200012605950028
0000155503291020191203010868934310
0000155513291020191210020439484493
0000155523291020191244020173462604
0000155533291020191245012849380026
0000155543291020191254010868934310
0000155553291020191256012605950028
0000155563291020191258020439484493
0000155573291020191657010868934310
0000155583291020191657012849380026
0000155593291020191700020439484493
0000155603291020191702012605950028
0000155613291020191706020173462604
0000155623301020190750012849380026
0000155633301020190756010868934310
0000155643301020190806020439484493
0000155653301020190818020173462604
0000155663301020190905012605950028
0000155673301020191200020439484493
0000155683301020191200012849380026
0000155693301020191201020173462604
0000155703301020191201012605950028
0000155713301020191208010868934310
0000155723301020191244020173462604
0000155733301020191252020439484493
0000155743301020191257010868934310
0000155753301020191258012849380026
0000155763301020191301012605950028
0000155773301020191705012605950028
0000155783301020191705012849380026
0000155793301020191709010868934310
0000155803301020191718020173462604
0000155813311020190706012605950028
0000155823311020190728010868934310
0000155833311020190748020173462604
0000155843311020190753012849380026
0000155853311020190806020439484493
0000155863311020191200012605950028
0000155873311020191200012849380026
0000155883311020191201020439484493
0000155893311020191205020173462604
0000155903311020191206010868934310
0000155913311020191253020439484493
0000155923311020191253012849380026
0000155933311020191253020173462604
0000155943311020191256010868934310
0000155953311020191257012605950028
0000155963311020191700012849380026
0000155973311020191700012605950028
0000155983311020191701020173462604
0000155993311020191719010868934310
9999999990000000000000000800000000000000000009
